0.00357889929984090
0.0182038187875144
0.0334639765380995
0.0493867058289799
0.0660004930129365
0.0833350241057573
0.101421233071093
0.120291351847255
0.139978962160230
0.160519049166266
0.181948056966539
0.204303946034945
0.227626252598758
0.251956150009476
0.277336512139454
0.303811978836779
0.331429023467738
0.360236022572855
0.390283327657863
0.421623339136472
0.454310582436297
0.488401786273123
0.523955963091862
0.561034491664854
0.599701201829532
0.640022461337957
0.682067264780095
0.725907324531132
0.771617163659981
0.819274210722290
0.868958896345333
0.920754751495452
0.974748507299932
1.03103019627492
1.08969325478912
1.15083462656875
1.21455486702382
1.28095824814714
1.35015286370789
1.42225073442859
1.49736791279954
1.57562458714740
1.65714518453444
1.74205847202206
1.83049765578714
1.92260047753075
2.01850930756817
2.11837123393450
2.22233814678345
2.33056681729680
2.44321897025933
2.56046134938842
2.68246577443958
2.80940918903855
2.94147369811784
3.07884659376113
3.22172036818263
3.37029271249141
3.52476649981282
3.68534975126136
3.85225558318230
4.02570213400400
4.20591246896961
4.39311446094776
4.58754064545681
4.78942804797854
4.99901798158625
5.21655581286963
5.44229069410776
5.67647525962283
5.91936528424341
6.17121930181876
6.43229818175820
6.70286466162303
6.98318283387629
7.27351758500000
7.57413398532307
7.88529662806819
8.20726891632595
8.54031229690012
8.88468544024418
9.24064336602465
9.60843651420708
9.98830976196317
